量比选股 — 2026-05-19 15:00
============================================================
阈值: 量比 > 2.0
总数: 180 只

      代码  名称              价格       涨幅%        量比
──────────────────────────────────────────────────
  688360  德马科技         24.18     20.00       7.3
  920718  合肥高科         16.08     17.29       7.1
  301139  *ST元道         4.84    -20.00       5.6
  920199  倍益康          35.88     11.43       5.1
  002207  *ST准油        10.12      4.98       5.0
  300634  彩讯股份         29.15     20.01       4.6
  688292  浩瀚深度         27.74     12.99       4.6
  601198  东兴证券         13.47      5.23       4.6
  301078  孩子王           9.35      9.87       4.5
  688623  双元科技        106.01      9.89       4.5
  688507  索辰科技        152.30     18.04       4.4
  920690  捷众科技         29.78     13.79       4.4
  301380  挖金客          38.68      7.68       4.2
  301020  密封科技         25.84      8.75       4.2
  600996  贵广网络          9.56      5.05       4.0
  300695  兆丰股份         80.84      7.99       3.9
  920128  胜业电气         26.00      7.84       3.9
  920075  柏星龙          22.09      7.39       3.9
  002514  *ST宝馨         4.12      5.10       3.8
  603956  威派格           6.20      5.98       3.8
  920475  三友科技         16.45     16.17       3.7
  603108  润达医疗         15.07     10.00       3.7
  301313  凡拓数创         50.94     10.69       3.7
  600831  广电网络          4.39     10.03       3.6
  600640  国脉文化         13.72     -0.72       3.6
  002226  江南化工          6.20      9.93       3.5
  600850  电科数字         22.51     10.02       3.5
  301120  新特电气         24.90     20.00       3.5
  300528  幸福蓝海         17.17      9.43       3.5
  300753  爱朋医疗         27.62      2.26       3.4
  603391  XD力聚热        66.80      6.18       3.4
  920931  无锡鼎邦         12.21      4.36       3.4
  301293  三博脑科         71.99      9.06       3.4
  601222  林洋能源          6.84      9.97       3.4
  000685  中山公用         12.90      5.91       3.4
  301016  雷尔伟          20.93     10.45       3.4
  002845  同兴达          16.13     10.03       3.3
  002927  泰永长征         22.70      5.29       3.2
  600785  新华百货         18.18      3.12       3.2
  300996  普联软件         13.48      6.81       3.2
  002374  中锐股份          3.81     -2.56       3.2
  002881  美格智能         45.65      2.26       3.1
  688039  当虹科技         49.88      7.25       3.1
  603999  读者传媒          7.45     10.04       3.1
  920974  凯大催化          8.14     10.00       3.1
  600496  精工钢构          4.33      7.44       3.1
  300031  宝通科技         26.69      8.06       3.1
  300242  佳云科技          5.34      4.30       3.0
  301379  天山电子         37.66     20.01       3.0
  300637  扬帆新材         12.08      3.07       3.0
  300163  先锋新材          5.54      8.63       3.0
  603859  能科科技         45.30     -0.04       3.0
  300901  中胤时尚         16.51    -14.28       3.0
  300611  美力科技         27.67      9.41       3.0
  601728  中国电信          7.12      4.40       2.9
  600023  浙能电力          6.70      8.94       2.9
  002199  *ST东晶        13.32      0.99       2.9
  002888  惠威科技         24.13     -2.07       2.9
  300212  *ST易录         8.32     15.24       2.9
  601059  信达证券         17.15      2.88       2.9
  603311  金海高科         27.95     10.00       2.9
  300556  丝路视觉         22.44      2.19       2.9
  301459  丰茂股份         40.40      7.16       2.8
  601678  滨化股份          6.19     -3.13       2.8
  003013  地铁设计         14.43      5.02       2.8
  002131  利欧股份          7.40      7.25       2.8
  300473  德尔股份         36.92      8.33       2.8
  601133  柏诚股份         30.27     -2.35       2.8
  301026  浩通科技         32.86      6.03       2.8
  300755  华致酒行         18.02     13.12       2.8
  920679  前进科技         18.70      5.41       2.8
  603279  景津装备         16.18     -5.10       2.7
  603159  上海亚虹         27.37      6.54       2.7
  605318  法狮龙         104.92      7.17       2.7
  600775  南京熊猫         13.29      4.98       2.7
  600775  南京熊猫         13.29      4.98       2.7
  600835  上海机电         25.99      9.99       2.6
  300825  阿尔特          13.15     11.54       2.6
  600888  新疆众和          9.19      8.89       2.6
  002785  万里石          51.48     -8.01       2.6
  301446  福事特          44.57      5.17       2.6
  300365  恒华科技          6.49      6.74       2.6
  300057  万顺新材          9.08     11.14       2.6
  002354  天娱数科          7.13      0.71       2.6
  600992  贵绳股份         12.78     -1.69       2.6
  300349  金卡智能         16.13     13.91       2.6
  605218  伟时电子         21.29     10.03       2.6
  300523  辰安科技         24.61      0.82       2.5
  688225  亚信安全         17.83      6.83       2.5
  603060  国检集团          7.13      0.00       2.5
  601929  吉视传媒          3.33      9.90       2.5
  002662  峰璟股份          3.90      6.27       2.5
  603607  京华激光         24.92      1.18       2.5
  002123  梦网科技         10.27      9.96       2.5
  002067  景兴纸业          5.28     10.00       2.5
  920924  广脉科技         21.41      2.78       2.5
  920685  新芝生物         13.16      5.53       2.5
  000507  珠海港           5.40      4.65       2.5
  300537  广信材料         31.66      5.01       2.5
  300935  盈建科          39.83      8.17       2.5
  002246  北化股份         24.72     10.01       2.5
  300629  新劲刚          27.24      6.28       2.5
  003025  思进智能         15.69      6.09       2.4
  688010  福光股份         40.36      9.47       2.4
  002829  星网宇达         24.83      7.54       2.4
  300603  立昂技术         12.03      5.71       2.4
  600578  京能电力          8.27      7.26       2.4
  603989  艾华集团         24.20     10.00       2.4
  603822  ST嘉澳         77.56      5.00       2.4
  920300  辰光医疗         11.62      4.50       2.4
  688586  江航装备         15.00      9.33       2.4
  688511  天微电子         26.11      8.16       2.3
  300448  浩云科技          8.47      9.15       2.3
  000404  长虹华意          9.59      8.36       2.3
  603657  春光科技         32.59     -1.03       2.3
  002806  华锋股份         15.55      4.86       2.3
  002801  微光股份         34.33      4.16       2.3
  001322  箭牌家居          7.68      4.63       2.3
  301589  诺瓦星云        188.59      5.69       2.3
  300887  谱尼测试          9.90      3.56       2.3
  603678  火炬电子         34.92      6.69       2.3
  002878  元隆雅图         16.71     -6.49       2.3
  603206  嘉环科技         21.03      9.99       2.3
  603658  安图生物         34.50      2.99       2.3
  002534  西子洁能         18.44      7.84       2.2
  300281  金明精机          8.19      1.87       2.2
  600847  万里股份         17.46      3.31       2.2
  605499  东鹏饮料        145.61      2.40       2.2
  600339  中油工程          4.21      0.00       2.2
  688626  翔宇医疗         62.83      4.72       2.2
  301302  华如科技         28.37     -0.80       2.2
  603917  合力科技         13.42      3.15       2.2
  603229  奥翔药业         10.41      4.52       2.2
  001306  夏厦精密         74.09      2.92       2.2
  688080  映翰通          48.00      4.01       2.2
  000926  福星股份          2.07      2.48       2.2
  002082  ST万邦         17.06     -5.01       2.2
  603915  国茂股份         17.97     -4.21       2.2
  300338  *ST开元         3.48     -0.29       2.2
  688228  开普云         116.73      8.28       2.2
  603380  易德龙          43.10     10.01       2.2
  603726  朗迪集团         28.63     -5.04       2.2
  301595  太力科技         50.52      9.59       2.2
  603893  瑞芯微         193.00      6.51       2.2
  605123  派克新材        121.00     -0.21       2.2
  301162  国能日新         51.99      8.47       2.1
  000752  *ST西发         9.35      5.06       2.1
  300976  达瑞电子         84.92     10.03       2.1
  000021  深科技          37.67      1.73       2.1
  002611  东方精工         20.35      5.01       2.1
  002918  蒙娜丽莎         16.77      0.00       2.1
  300983  尤安设计         41.42      0.31       2.1
  603773  沃格光电         70.73      4.80       2.1
  002208  合肥城建         25.12      9.98       2.1
  603262  技源集团         27.08      1.96       2.1
  688805  健信超导         57.31      5.86       2.1
  603195  公牛集团         43.25      0.93       2.1
  920092  汉鑫科技         35.05      1.13       2.1
  003018  金富科技         66.50      2.23       2.1
  300657  弘信电子         52.08     20.00       2.1
  603326  我乐家居          8.47      2.79       2.1
  920662  方盛股份         24.64      5.30       2.1
  002905  金逸影视          8.96     -0.78       2.1
  300894  火星人          10.58      4.03       2.1
  600909  华安证券          6.26     -0.32       2.1
  002541  鸿路钢构         18.70      5.95       2.0
  688335  复洁科技         28.18     -3.03       2.0
  000056  *ST皇庭         1.46      2.10       2.0
  688190  云路股份         98.99      7.13       2.0
  688807  优迅股份        476.48      7.07       2.0
  920020  泰凯英          16.26      4.23       2.0
  002121  科陆电子          7.49     -0.40       2.0
  600446  金证股份         14.41      2.05       2.0
  000711  ST京蓝          6.09     -2.09       2.0
  920108  宏海科技         12.08      4.50       2.0
  002988  豪美新材         34.76     10.00       2.0
  605303  园林股份         27.28     -4.45       2.0
  605066  天正电气          7.99      2.44       2.0
  002678  珠江钢琴          6.27      5.91       2.0
  605199  ST葫芦娃         6.79      1.34       2.0
